[1,["15O3eFlxpNF41QVAMJ/gIt","d3QK9/GCJPFrmqV+TsqzHK","2dRlOhTyRKD5AqppDRyasZ","5birn+8NRM0IoFdIEIFD/F","c7UGcWC/xNzpxk1eM8yxyH@6c48a","e5uhq5xZlGIJjkWZ4Z5947","12Y9dMgWdJKJGmTiZyQR9H@fc873","aa5qCOZvdB/bBv6w9elW+D@b243c","1ambrQ58BFxps1XcfubGAC","4aCymdHDBO1bHIW/pcrW77","d3WDdiIQlK64bGCsC7o/v7","51y9UvZupLx7wmw3aAIwt8","aa5qCOZvdB/bBv6w9elW+D@8dd0d","aa5qCOZvdB/bBv6w9elW+D@b2320","5ajkEDwcNJj7q+dTnxjdFc","aa5qCOZvdB/bBv6w9elW+D@cfaac","24AbMEHd9Jvp1AZC+6RYuy","a1ea41xe5Ao6r1OByd2S2N","d320J+4/ZGwo8kKB/gukKi","944jFE+QtBPo2EeV6ZkG3q","01VqFRHuBAHrZtOu1kWxII","7aPhmEUjNGxptl/AdTuwxa","60hmY/MbVKNr8oqqgQaXMq","78hhjSZcxOyblJC8KPScP2@bdf20","b4ulH6QHhLiKUyI1Alz2tT","78hhjSZcxOyblJC8KPScP2@f1248","aa5qCOZvdB/bBv6w9elW+D@51574","74A/zGvMFF3qRDy55wz6aq","aa5qCOZvdB/bBv6w9elW+D@4fa4b","aa5qCOZvdB/bBv6w9elW+D@1fcd0","c513ME5YZF8LSokOMAoast","d0mWsqp0ZIP7lkXnSJPjDA","fd75Wfp3pPUIfEMe9c++PH","bckNsqmf1CTKTlf2BH+J+d","c6gZxwqcFLT43yR18N/Vxq","9aL0fG62FG/7TGAwZEadzl@d6437","fdY+g2fjRHba/o/zLZokqv","4bt2nYNDhJdLiZlLesUBWN","bdiCulV4tJzKi1LhRjUmgE","9cepT4JehKgK6m9Pz2GMVW","9aL0fG62FG/7TGAwZEadzl@1134b","c75y4YlvtNJY4ZCArZXqYV","db1fzBjA1Bo7PcSOeE2V/j@6c48a","559wNa0Y9A6awDvyI8EPQn@6c48a","fbNzCR7EtDIaaP0aY3P09y@6c48a","087V52vS9NQr0zIEMfV4hM@2fbd1","087V52vS9NQr0zIEMfV4hM@46450","9clZlVk89F4IG3c2ZWCSVx","bbUcLlSoBG7pIK2RRqImd+@9a84c","eb9BOz94ZFPKiOlvoOEX23","30c8drr39O2aakjGfmMk/w","fbGrfSsONIW6U9ErihlRoF","9aL0fG62FG/7TGAwZEadzl@6cfe6","51C9t26M9BWpNM2G/F0FUd@44034","51C9t26M9BWpNM2G/F0FUd@438fe","1ftUQfpLFLzIyGUq4H54cY@7f3dc","19e3ZbWMNJoa6QRUBqH3yr@1f586","762unKz1xNfo7r9HazcaaD","78hhjSZcxOyblJC8KPScP2@360a5","b9yLOlMhFLZ5MjLujqlNk3","78hhjSZcxOyblJC8KPScP2@00255","742xXTYG1ByI4bumUYkK/K","aa5qCOZvdB/bBv6w9elW+D@6dd4a","aa5qCOZvdB/bBv6w9elW+D@fd294","32xF4c0cxPYYxxI6gTPlCf","a06i4nGgFAaq52Oz1bsm6O","a2l+GF6NROvai11h7S9J2y","4cNlsKsE1B4Ipii8/9ReoU","aa5qCOZvdB/bBv6w9elW+D@5d810","aa5qCOZvdB/bBv6w9elW+D@65b88","60EfxndQBAuJVemP7V0lSU","aa5qCOZvdB/bBv6w9elW+D@1c2b0","aa5qCOZvdB/bBv6w9elW+D@8b9ee","aa5qCOZvdB/bBv6w9elW+D@07e51","aa5qCOZvdB/bBv6w9elW+D@fcb92","aa5qCOZvdB/bBv6w9elW+D@e10e4","aa5qCOZvdB/bBv6w9elW+D@16dc1","aa5qCOZvdB/bBv6w9elW+D@cda7d","aa5qCOZvdB/bBv6w9elW+D@ed95d","aa5qCOZvdB/bBv6w9elW+D@4e016","aa5qCOZvdB/bBv6w9elW+D@8b8d0","aa5qCOZvdB/bBv6w9elW+D@56dd7","aa5qCOZvdB/bBv6w9elW+D@ec590","aa5qCOZvdB/bBv6w9elW+D@82563","d3XVyZecBP6pinQZylc3+X","aa5qCOZvdB/bBv6w9elW+D@514bd","aa5qCOZvdB/bBv6w9elW+D@791c4","aa5qCOZvdB/bBv6w9elW+D@8f00f","06aph/I8tNSrPb/dC913JI","3afGn/5ShAmp5QHGVl44Nt","3ao2ioZcZN7IiATJWxagW3","88H+bek+lMNo5w7qT6U2SN","44C34M6/REPp93uoUC7W5X@abeba","74bSYA8ohOF72ylVEeFAZ8","e6jrUQ2u5Px7hBZCkKV3xy","44C34M6/REPp93uoUC7W5X@2c4ff","44C34M6/REPp93uoUC7W5X@f07ee","f5A7ggX/NIFqYB1XVdSj9F","b7lOmHRHpE8bbCrbO64hSO","44C34M6/REPp93uoUC7W5X@ef373","44C34M6/REPp93uoUC7W5X@93359","85iavVye1Dyqa4n/AjHfoY","44C34M6/REPp93uoUC7W5X@bdd7a","44C34M6/REPp93uoUC7W5X@33f26","0duyHRdgJI9Zbaz8Mtn2D2","44C34M6/REPp93uoUC7W5X@39ac5","44C34M6/REPp93uoUC7W5X@9540c","44C34M6/REPp93uoUC7W5X@438fe","44C34M6/REPp93uoUC7W5X@7fdef","44C34M6/REPp93uoUC7W5X@7f806","0bvAjv3KZJ8rweZqfP/l3Y","44C34M6/REPp93uoUC7W5X@918ee","13MZn1mDhHjqLRmtPefUQL","44C34M6/REPp93uoUC7W5X@30dd4","a7IJ0ZiMRIBLO9zS8buAuI","84kSYShWJOtIu1b7c+/1Hi","fe7P7S+2JOCJY+rUFLr8Di","ff/KXile1NDpZvlE0BtP39","2elCoRgJ5G6Zume+xI6Tfx","43GIQ/CIlCKLSFm5e20Ioq","44C34M6/REPp93uoUC7W5X@8ed12","c6PeeLrxVCC73sYUlF3Qmr","0cQ4IacZ1HTJUOpnw5S1Yt","6b9r96FV9DMbxKSQwrjyDS","a1iUqWk8FOW6qjUWuL0Gzo","79Ebkwdc5Hib6l1RpQpU4G","9aL0fG62FG/7TGAwZEadzl@53a79","08fsE5jW9DWqolG+UZTYX3","a6yiGGIUtFb6243dQ2QFw1","61q1TO3utPf44GE0TPIjAl","b0ZM8Z6FJALqTUwvqOxdM9","9aL0fG62FG/7TGAwZEadzl@df057","61SC7blRdGFJJ81SyvgpMx","94Nw78jj1AA6HrN89cOX5V","32z8pfjF5BL47PPMGAy2mc","1554Ru9kFO5aTfjFPHCBYq","2aejKi7gZD4a4r7ksUYQO/"],["node","_mesh","_parent","_effectAsset","mainTexture","_skeleton","_clip","root","bagEffect","walkEffect","moveCar","bag1","bag2","manAni","pushCarManPathFind","rightDoor","leftDoor","collider","data","particlePrefab"],[["cc.Node",["_name","_layer","_objFlags","_prefab","_parent","_lpos","_children","_components","_lrot","_euler","_lscale"],0,4,1,5,2,9,5,5,5],["cc.MeshRenderer",["_shadowCastingMode","_shadowReceivingMode","_name","node","__prefab","_materials","bakeSettings","_mesh"],0,1,4,3,4,6],["cc.Node",["_name","_parent","_prefab","_children","_lpos","_lrot","_euler","_components"],2,1,4,9,5,5,5,2],["cc.Material",["_name","_states","_defines","_techIdx","_props"],-1,12],["cc.Node",["_name","_parent","_components","_prefab","_lpos","_children","_lrot","_euler"],2,1,12,4,5,2,5,5],["cc.RigidBody",["_group","_useGravity","_type","node","__prefab","_linearFactor","_angularFactor"],0,1,4,5,5],["cc.BoxCollider",["_isTrigger","node","__prefab","_center","_size"],2,1,4,5,5],["cc.SkeletalAnimation",["_useBakedAnimation","node","__prefab","_clips"],2,1,4,3],["cc.SkinnedMeshRenderer",["_shadowReceivingMode","node","__prefab","_materials","bakeSettings","_skinningRoot","_mesh","_skeleton"],2,1,4,3,4,1,6,6],["cc.AudioSource",["_playOnAwake","_loop","node","__prefab"],1,1,4],["cc.Material",["_name","_techIdx","_props","_states","_defines"],-2],["cc.AudioClip",["_name","_native","_duration"],0],["cc.Skeleton",["_name","_hash","_joints","_bindposes"],0,12],["cc.Mesh",["_native","_hash","_struct"],1,11],["cc.Prefab",["_name"],2],["58d7aaqlx1JmIc/Mye3Ccqr",["node","__prefab","pushCarManPathFind","manAni","bag2","bag1","particleMarks","moveCar","walkEffect","bagEffect","particlePrefab"],3,1,4,1,1,1,1,2,1,1,1,6],["cc.CompPrefabInfo",["fileId"],2],["cc.PrefabInfo",["fileId","instance","targetOverrides","nestedPrefabInstanceRoots","root","asset"],-1,1,1],["cc.ModelBakeSettings",[],3],["17bcdh7tKdFzKRIfgsrBRjN",["node","__prefab","collider","leftDoor","rightDoor"],3,1,4,1,1,1],["cc.Animation",["node","__prefab"],3,1,4],["8490bnNPxdM37W8nu9InWEd",["node","__prefab"],3,1,4]],[[17,0,1,2,3,4,5,5],[16,0,2],[18,1],[0,0,4,6,3,5,8,9,2],[1,3,4,5,6,7,1],[0,0,4,7,3,5,2],[0,0,4,7,3,5,8,9,2],[0,0,4,3,5,2],[2,0,1,3,2,4,5,6,2],[1,0,1,3,4,5,6,7,3],[3,0,3,1,2,4,5],[1,2,3,4,5,6,7,2],[3,0,1,2,4,4],[0,0,4,6,3,5,2],[0,0,4,6,7,3,5,8,9,2],[6,1,2,3,4,1],[13,0,1,2,3],[5,0,2,3,4,3],[0,0,6,3,5,8,9,2],[0,0,4,6,7,3,5,2],[0,0,4,6,3,5,8,10,9,2],[0,0,4,6,3,2],[11,0,1,2,4],[0,0,6,3,5,2],[0,0,1,4,3,5,3],[2,0,1,3,2,4,2],[2,0,1,7,2,2],[1,0,3,4,5,6,7,2],[1,1,3,4,5,6,7,2],[10,0,1,2,3,4,6],[12,0,1,2,3,4],[14,0,2],[0,0,1,6,7,3,3],[0,0,4,6,3,8,9,2],[0,0,6,7,3,5,8,9,2],[0,0,1,4,6,7,3,5,8,10,9,3],[0,0,1,4,6,3,3],[0,0,2,1,4,7,3,5,4],[0,0,6,7,3,2],[0,0,1,4,7,3,5,3],[0,0,4,7,3,5,8,10,9,2],[0,0,4,7,3,5,10,2],[0,0,2,4,7,3,5,3],[4,0,1,5,2,3,4,6,7,2],[4,0,1,2,3,4,2],[15,0,1,2,3,4,5,6,7,8,9,10,1],[5,0,1,3,4,5,6,3],[6,0,1,2,2],[19,0,1,2,3,4,1],[7,0,1,2,2],[7,1,2,3,1],[20,0,1,1],[8,1,2,3,4,5,6,7,1],[8,0,1,2,3,4,5,6,7,2],[21,0,1,1],[9,1,0,2,3,3],[9,0,2,3,2]],[[[[12,"bag3_0",[{"rasterizerState":{},"depthStencilState":{},"blendState":{"targets":[{}]}}],[{}],[[[{},"mainColor",8,[4,4290346496],"mainTexture",6,0]],11]]],0,0,[0,0],[4,3],[4,0]],[[[10,"car_5","1",[{"rasterizerState":{},"depthStencilState":{},"blendState":{"targets":[{}]}}],[{}],[[[{},"mainColor",8,[4,4294946893],"mainTexture",6,0]],11]]],0,0,[0,0],[4,3],[42,0]],[[[22,"single_walk",".mp3",6.8904],-1],0,0,[],[],[]],[[[10,"car_1","0",[{"rasterizerState":{},"depthStencilState":{},"blendState":{"targets":[{}]}}],[{}],[[[{},"mainColor",8,[4,4278190080]]],11]]],0,0,[0],[3],[0]],[[[22,"bag_go_push_car",".mp3",0.243063],-1],0,0,[],[],[]],[[[10,"push_car_1","0",[{"rasterizerState":{},"depthStencilState":{},"blendState":{"targets":[{}]}}],[{}],[[[{},"mainColor",8,[4,4294941539]]],11]]],0,0,[0],[3],[0]],[[[10,"car_4","0",[{"rasterizerState":{},"depthStencilState":{},"blendState":{"targets":[{}]}}],[{}],[[[{},"mainColor",8,[4,4294622870]]],11]]],0,0,[0],[3],[0]],[[[30,"Skin-0",3709407551,["mixamorig_Hips/mixamorig_LeftUpLeg","mixamorig_Hips/mixamorig_RightUpLeg","mixamorig_Hips","mixamorig_Hips/mixamorig_RightUpLeg/mixamorig_RightLeg","mixamorig_Hips/mixamorig_LeftUpLeg/mixamorig_LeftLeg","mixamorig_Hips/mixamorig_LeftUpLeg/mixamorig_LeftLeg/mixamorig_LeftFoot","mixamorig_Hips/mixamorig_LeftUpLeg/mixamorig_LeftLeg/mixamorig_LeftFoot/mixamorig_LeftToeBase","mixamorig_Hips/mixamorig_RightUpLeg/mixamorig_RightLeg/mixamorig_RightFoot/mixamorig_RightToeBase","mixamorig_Hips/mixamorig_RightUpLeg/mixamorig_RightLeg/mixamorig_RightFoot","mixamorig_Hips/mixamorig_Spine","mixamorig_Hips/mixamorig_Spine/mixamorig_Spine1","mixamorig_Hips/mixamorig_Spine/mixamorig_Spine1/mixamorig_Spine2","mixamorig_Hips/mixamorig_Spine/mixamorig_Spine1/mixamorig_Spine2/mixamorig_Neck/mixamorig_Head","mixamorig_Hips/mixamorig_Spine/mixamorig_Spine1/mixamorig_Spine2/mixamorig_Neck","mixamorig_Hips/mixamorig_Spine/mixamorig_Spine1/mixamorig_Spine2/mixamorig_LeftShoulder","mixamorig_Hips/mixamorig_Spine/mixamorig_Spine1/mixamorig_Spine2/mixamorig_LeftShoulder/mixamorig_LeftArm","mixamorig_Hips/mixamorig_Spine/mixamorig_Spine1/mixamorig_Spine2/mixamorig_LeftShoulder/mixamorig_LeftArm/mixamorig_LeftForeArm","mixamorig_Hips/mixamorig_Spine/mixamorig_Spine1/mixamorig_Spine2/mixamorig_LeftShoulder/mixamorig_LeftArm/mixamorig_LeftForeArm/mixamorig_LeftHand","mixamorig_Hips/mixamorig_Spine/mixamorig_Spine1/mixamorig_Spine2/mixamorig_LeftShoulder/mixamorig_LeftArm/mixamorig_LeftForeArm/mixamorig_LeftHand/mixamorig_LeftHandThumb1","mixamorig_Hips/mixamorig_Spine/mixamorig_Spine1/mixamorig_Spine2/mixamorig_LeftShoulder/mixamorig_LeftArm/mixamorig_LeftForeArm/mixamorig_LeftHand/mixamorig_LeftHandThumb1/mixamorig_LeftHandThumb2","mixamorig_Hips/mixamorig_Spine/mixamorig_Spine1/mixamorig_Spine2/mixamorig_LeftShoulder/mixamorig_LeftArm/mixamorig_LeftForeArm/mixamorig_LeftHand/mixamorig_LeftHandThumb1/mixamorig_LeftHandThumb2/mixamorig_LeftHandThumb3","mixamorig_Hips/mixamorig_Spine/mixamorig_Spine1/mixamorig_Spine2/mixamorig_LeftShoulder/mixamorig_LeftArm/mixamorig_LeftForeArm/mixamorig_LeftHand/mixamorig_LeftHandRing1","mixamorig_Hips/mixamorig_Spine/mixamorig_Spine1/mixamorig_Spine2/mixamorig_LeftShoulder/mixamorig_LeftArm/mixamorig_LeftForeArm/mixamorig_LeftHand/mixamorig_LeftHandPinky1","mixamorig_Hips/mixamorig_Spine/mixamorig_Spine1/mixamorig_Spine2/mixamorig_LeftShoulder/mixamorig_LeftArm/mixamorig_LeftForeArm/mixamorig_LeftHand/mixamorig_LeftHandPinky1/mixamorig_LeftHandPinky2","mixamorig_Hips/mixamorig_Spine/mixamorig_Spine1/mixamorig_Spine2/mixamorig_LeftShoulder/mixamorig_LeftArm/mixamorig_LeftForeArm/mixamorig_LeftHand/mixamorig_LeftHandMiddle1","mixamorig_Hips/mixamorig_Spine/mixamorig_Spine1/mixamorig_Spine2/mixamorig_LeftShoulder/mixamorig_LeftArm/mixamorig_LeftForeArm/mixamorig_LeftHand/mixamorig_LeftHandIndex1","mixamorig_Hips/mixamorig_Spine/mixamorig_Spine1/mixamorig_Spine2/mixamorig_LeftShoulder/mixamorig_LeftArm/mixamorig_LeftForeArm/mixamorig_LeftHand/mixamorig_LeftHandIndex1/mixamorig_LeftHandIndex2","mixamorig_Hips/mixamorig_Spine/mixamorig_Spine1/mixamorig_Spine2/mixamorig_LeftShoulder/mixamorig_LeftArm/mixamorig_LeftForeArm/mixamorig_LeftHand/mixamorig_LeftHandIndex1/mixamorig_LeftHandIndex2/mixamorig_LeftHandIndex3","mixamorig_Hips/mixamorig_Spine/mixamorig_Spine1/mixamorig_Spine2/mixamorig_LeftShoulder/mixamorig_LeftArm/mixamorig_LeftForeArm/mixamorig_LeftHand/mixamorig_LeftHandMiddle1/mixamorig_LeftHandMiddle2","mixamorig_Hips/mixamorig_Spine/mixamorig_Spine1/mixamorig_Spine2/mixamorig_LeftShoulder/mixamorig_LeftArm/mixamorig_LeftForeArm/mixamorig_LeftHand/mixamorig_LeftHandMiddle1/mixamorig_LeftHandMiddle2/mixamorig_LeftHandMiddle3","mixamorig_Hips/mixamorig_Spine/mixamorig_Spine1/mixamorig_Spine2/mixamorig_LeftShoulder/mixamorig_LeftArm/mixamorig_LeftForeArm/mixamorig_LeftHand/mixamorig_LeftHandRing1/mixamorig_LeftHandRing2","mixamorig_Hips/mixamorig_Spine/mixamorig_Spine1/mixamorig_Spine2/mixamorig_LeftShoulder/mixamorig_LeftArm/mixamorig_LeftForeArm/mixamorig_LeftHand/mixamorig_LeftHandRing1/mixamorig_LeftHandRing2/mixamorig_LeftHandRing3","mixamorig_Hips/mixamorig_Spine/mixamorig_Spine1/mixamorig_Spine2/mixamorig_LeftShoulder/mixamorig_LeftArm/mixamorig_LeftForeArm/mixamorig_LeftHand/mixamorig_LeftHandPinky1/mixamorig_LeftHandPinky2/mixamorig_LeftHandPinky3","mixamorig_Hips/mixamorig_Spine/mixamorig_Spine1/mixamorig_Spine2/mixamorig_RightShoulder","mixamorig_Hips/mixamorig_Spine/mixamorig_Spine1/mixamorig_Spine2/mixamorig_RightShoulder/mixamorig_RightArm","mixamorig_Hips/mixamorig_Spine/mixamorig_Spine1/mixamorig_Spine2/mixamorig_RightShoulder/mixamorig_RightArm/mixamorig_RightForeArm","mixamorig_Hips/mixamorig_Spine/mixamorig_Spine1/mixamorig_Spine2/mixamorig_RightShoulder/mixamorig_RightArm/mixamorig_RightForeArm/mixamorig_RightHand","mixamorig_Hips/mixamorig_Spine/mixamorig_Spine1/mixamorig_Spine2/mixamorig_RightShoulder/mixamorig_RightArm/mixamorig_RightForeArm/mixamorig_RightHand/mixamorig_RightHandThumb1","mixamorig_Hips/mixamorig_Spine/mixamorig_Spine1/mixamorig_Spine2/mixamorig_RightShoulder/mixamorig_RightArm/mixamorig_RightForeArm/mixamorig_RightHand/mixamorig_RightHandThumb1/mixamorig_RightHandThumb2","mixamorig_Hips/mixamorig_Spine/mixamorig_Spine1/mixamorig_Spine2/mixamorig_RightShoulder/mixamorig_RightArm/mixamorig_RightForeArm/mixamorig_RightHand/mixamorig_RightHandThumb1/mixamorig_RightHandThumb2/mixamorig_RightHandThumb3","mixamorig_Hips/mixamorig_Spine/mixamorig_Spine1/mixamorig_Spine2/mixamorig_RightShoulder/mixamorig_RightArm/mixamorig_RightForeArm/mixamorig_RightHand/mixamorig_RightHandPinky1","mixamorig_Hips/mixamorig_Spine/mixamorig_Spine1/mixamorig_Spine2/mixamorig_RightShoulder/mixamorig_RightArm/mixamorig_RightForeArm/mixamorig_RightHand/mixamorig_RightHandRing1","mixamorig_Hips/mixamorig_Spine/mixamorig_Spine1/mixamorig_Spine2/mixamorig_RightShoulder/mixamorig_RightArm/mixamorig_RightForeArm/mixamorig_RightHand/mixamorig_RightHandPinky1/mixamorig_RightHandPinky2","mixamorig_Hips/mixamorig_Spine/mixamorig_Spine1/mixamorig_Spine2/mixamorig_RightShoulder/mixamorig_RightArm/mixamorig_RightForeArm/mixamorig_RightHand/mixamorig_RightHandIndex1","mixamorig_Hips/mixamorig_Spine/mixamorig_Spine1/mixamorig_Spine2/mixamorig_RightShoulder/mixamorig_RightArm/mixamorig_RightForeArm/mixamorig_RightHand/mixamorig_RightHandIndex1/mixamorig_RightHandIndex2","mixamorig_Hips/mixamorig_Spine/mixamorig_Spine1/mixamorig_Spine2/mixamorig_RightShoulder/mixamorig_RightArm/mixamorig_RightForeArm/mixamorig_RightHand/mixamorig_RightHandMiddle1","mixamorig_Hips/mixamorig_Spine/mixamorig_Spine1/mixamorig_Spine2/mixamorig_RightShoulder/mixamorig_RightArm/mixamorig_RightForeArm/mixamorig_RightHand/mixamorig_RightHandIndex1/mixamorig_RightHandIndex2/mixamorig_RightHandIndex3","mixamorig_Hips/mixamorig_Spine/mixamorig_Spine1/mixamorig_Spine2/mixamorig_RightShoulder/mixamorig_RightArm/mixamorig_RightForeArm/mixamorig_RightHand/mixamorig_RightHandMiddle1/mixamorig_RightHandMiddle2","mixamorig_Hips/mixamorig_Spine/mixamorig_Spine1/mixamorig_Spine2/mixamorig_RightShoulder/mixamorig_RightArm/mixamorig_RightForeArm/mixamorig_RightHand/mixamorig_RightHandMiddle1/mixamorig_RightHandMiddle2/mixamorig_RightHandMiddle3","mixamorig_Hips/mixamorig_Spine/mixamorig_Spine1/mixamorig_Spine2/mixamorig_RightShoulder/mixamorig_RightArm/mixamorig_RightForeArm/mixamorig_RightHand/mixamorig_RightHandRing1/mixamorig_RightHandRing2","mixamorig_Hips/mixamorig_Spine/mixamorig_Spine1/mixamorig_Spine2/mixamorig_RightShoulder/mixamorig_RightArm/mixamorig_RightForeArm/mixamorig_RightHand/mixamorig_RightHandRing1/mixamorig_RightHandRing2/mixamorig_RightHandRing3","mixamorig_Hips/mixamorig_Spine/mixamorig_Spine1/mixamorig_Spine2/mixamorig_RightShoulder/mixamorig_RightArm/mixamorig_RightForeArm/mixamorig_RightHand/mixamorig_RightHandPinky1/mixamorig_RightHandPinky2/mixamorig_RightHandPinky3"],[[[7,-0.9973570704460144,0.07265591621398926,1.7553703282602307e-11,0,-0.07265481352806091,-0.9973419308662415,-0.005514231044799089,0,-0.0004006414965260774,-0.005499657243490219,0.9999848008155823,0,0.17586830258369446,1.1411067247390747,0.010646077804267406,1],[7,-0.9973570108413696,-0.07265687733888626,7.0914667367472095e-12,0,0.07265672832727432,-0.9973549842834473,0.0020016608759760857,0,-0.00014543441648129374,0.0019963704980909824,0.9999979734420776,0,-0.1758730560541153,1.141156554222107,0.003336873836815357,1],[7,1,-1.525421054391371e-20,1.613936577698344e-17,0,1.525421054391371e-20,1,3.7769093238950845e-16,0,-1.613936577698344e-17,-3.7769093238950845e-16,1,0,-1.422179303398505e-16,-1.2084678411483765,0.01111206691712141,1],[7,-0.999035656452179,-0.04371459409594536,-0.0040960293263196945,0,0.04390598461031914,-0.9948635101318359,-0.09120763838291168,0,-0.0000878850623848848,-0.09129952639341354,0.9958234429359436,0,-0.15863418579101562,0.5979911684989929,0.05938287451863289,1],[7,-0.999036967754364,0.04371711239218712,0.003739697625860572,0,-0.04387610778212547,-0.9949164986610413,-0.09064260870218277,0,-0.0002419466618448496,-0.09071940183639526,0.9958764910697937,0,0.15861403942108154,0.5977766513824463,0.0618206262588501,1],[7,-0.9986618161201477,0.04319727048277855,-0.028434762731194496,0,-0.04603112116456032,-0.49184972047805786,0.8694624900817871,0,0.023572776466608047,0.8696078658103943,0.49317994713783264,0,0.1600470244884491,0.08627334237098694,-0.04992716759443283,1],[7,-0.9669032692909241,0.1709623634815216,0.18939372897148132,0,0.19849857687950134,0.037675563246011734,0.9793767929077148,0,0.1603010594844818,0.9845569729804993,-0.07036441564559937,0,0.1397487372159958,-0.11919095367193222,-0.034181755036115646,1],[7,-0.9678061008453369,-0.17209681868553162,-0.18366816639900208,0,-0.19281825423240662,0.037907037883996964,0.9805020093917847,0,-0.16177897155284882,0.9843504428863525,-0.06987006962299347,0,-0.14010243117809296,-0.11761822551488876,-0.0334341786801815,1],[7,-0.9986428618431091,-0.044152624905109406,0.02762301079928875,0,0.04610392078757286,-0.5027284026145935,0.8632141351699829,0,-0.024226298555731773,0.8633161187171936,0.5040817260742188,0,-0.16002699732780457,0.08469037711620331,-0.050111912190914154,1],[7,1,-3.5379977874601447e-19,6.928575652946242e-18,0,-2.4434411231630663e-20,0.9985129833221436,0.05451453477144241,0,-6.937560075169487e-18,-0.05451453477144241,0.9985129833221436,0,-1.4207501999978094e-16,-1.311247706413269,-0.05478351563215256,1],[7,1,-3.609689272656174e-19,6.928575652946242e-18,0,-1.7276148538135883e-20,0.9985129833221436,0.0545145682990551,0,-6.937950504418612e-18,-0.0545145682990551,0.9985129833221436,0,-1.4208280211498383e-16,-1.4325475692749023,-0.05478356406092644,1],[7,1,-3.5018378454763305e-19,6.928575652946242e-18,0,-2.804524524470643e-20,0.9985129833221436,0.0545145682990551,0,-6.937362792593393e-18,-0.0545145682990551,0.9985129833221436,0,-1.4206474972529548e-16,-1.5711756944656372,-0.05478356406092644,1],[7,1,4.4117526105325145e-20,7.142564795871873e-18,0,-4.4117526105325145e-20,1,-5.965217884335385e-16,0,-7.142564795871873e-18,5.965217884335385e-16,1,0,-1.4203511680703138e-16,-1.7824723720550537,0.03085939586162567,1],[7,1,4.4117526105325145e-20,6.464186944481928e-18,0,-4.4117526105325145e-20,1,-3.566368273426714e-15,0,-6.464186944481928e-18,3.566368273426714e-15,1,0,-1.4201424538581544e-16,-1.7275508642196655,0.03945178538560867,1],[7,-0.02248275838792324,0.9420002698898315,-0.334858238697052,0,-0.054511908441782,-0.33559972047805786,-0.9404261112213135,0,-0.998259961605072,-0.002889610594138503,0.05889543890953064,0,0.05478721484541893,0.5048831105232239,1.6269235610961914,1],[7,-0.11084135621786118,0.751136839389801,-0.6507746577262878,0,-0.022756751626729965,-0.6565560698509216,-0.753933846950531,0,-0.9935775399208069,-0.06875753402709961,0.0898669958114624,0,0.021159853786230087,0.9234940409660339,1.3867193460464478,1],[7,-0.02131444215774536,0.7193158864974976,-0.6943560838699341,0,-0.10017265379428864,-0.6925554275512695,-0.7143755555152893,0,-0.9947417378425598,0.05432897433638573,0.08681721240282059,0,0.09454470127820969,0.6961089372634888,1.3480521440505981,1],[7,0.10334471613168716,0.6402715444564819,-0.7611650824546814,0,0.04999925196170807,-0.76763916015625,-0.6389288902282715,0,-0.9933881163597107,0.02797224372625351,-0.11134455353021622,0,-0.1734822690486908,0.5007291436195374,1.2932080030441284,1],[7,0.38434037566185,0.35381415486335754,-0.852700412273407,0,-0.3060879707336426,-0.8225618004798889,-0.47927263379096985,0,-0.870972216129303,0.4452051818370819,-0.20784544944763184,0,0.0842374935746193,0.7322050333023071,1.156846046447754,1],[7,0.38434037566185,0.2773875296115875,-0.8805331587791443,0,-0.3060879707336426,-0.8615541458129883,-0.4050118327140808,0,-0.870972216129303,0.4251829981803894,-0.24622507393360138,0,0.09215525537729263,0.7925919890403748,1.0913188457489014,1],[7,0.38434037566185,0.5054966807365417,-0.7724995613098145,0,-0.3060879707336426,-0.7196652293205261,-0.623211145401001,0,-0.870972216129303,0.4759780466556549,-0.12186995893716812,0,0.09334713965654373,0.4308772087097168,1.2549140453338623,1],[7,0.10043984651565552,0.23906607925891876,-0.9657946228981018,0,0.053480200469493866,-0.9705972671508789,-0.23469309508800507,0,-0.9935047626495361,-0.0280783511698246,-0.11027194559574127,0,-0.18934647738933563,0.9068737030029297,1.0007542371749878,1],[7,0.03855069726705551,0.4782288372516632,-0.8773887753486633,0,0.1268041878938675,-0.8732843399047852,-0.4704201817512512,0,-0.9911783337593079,-0.09312154352664948,-0.09430713951587677,0,-0.24733023345470428,0.6203773617744446,1.1965020895004272,1],[7,0.03855069726705551,-0.10619205981492996,-0.9935980439186096,0,0.1268041878938675,-0.98577880859375,0.11027625948190689,0,-0.9911783337593079,-0.13024362921714783,-0.02453686110675335,0,-0.24722464382648468,1.1629905700683594,0.6501328349113464,1],[7,0.15201763808727264,0.39992526173591614,-0.9038531184196472,0,-0.008865552954375744,-0.9138928651809692,-0.4058586359024048,0,-0.9883379936218262,0.06971082836389542,-0.135382279753685,0,-0.13233275711536407,0.7131240963935852,1.1428391933441162,1],[7,0.20459431409835815,0.11267637461423874,-0.9723400473594666,0,-0.07363826781511307,-0.9887659549713135,-0.1300743818283081,0,-0.9760730266571045,0.09821391850709915,-0.19399859011173248,0,-0.07561632990837097,1.0193394422531128,0.8945784568786621,1],[7,0.20459431409835815,-0.08988510817289352,-0.9747111797332764,0,-0.07363826781511307,-0.9943665266036987,0.07624080777168274,0,-0.9760730266571045,0.05617760494351387,-0.210060715675354,0,-0.07584156841039658,1.1552807092666626,0.671145498752594,1],[7,0.20459431409835815,0.17685715854167938,-0.9627370834350586,0,-0.07363826781511307,-0.9779740571975708,-0.19530533254146576,0,-0.9760730266571045,0.11085265129804611,-0.18706446886062622,0,-0.07524316757917404,0.9060435891151428,0.9513834118843079,1],[7,0.15201763808727264,-0.008864511735737324,-0.988338053226471,0,-0.008865552954375744,-0.9999317526817322,0.007604874204844236,0,-0.9883379936218262,0.007606088649481535,-0.15208585560321808,0,-0.13290180265903473,1.0959534645080566,0.7580182552337646,1],[7,0.15201763808727264,0.32482442259788513,-0.9334772229194641,0,-0.008865552954375744,-0.9439677596092224,-0.32991859316825867,0,-0.9883379936218262,0.05842923745512962,-0.14062000811100006,0,-0.13217251002788544,0.7471715211868286,1.0726763010025024,1],[7,0.10043984651565552,0.026584263890981674,-0.9945878982543945,0,0.053480200469493866,-0.9983420372009277,-0.021283835172653198,0,-0.9935047626495361,-0.051053017377853394,-0.10169505327939987,0,-0.18952561914920807,1.0693700313568115,0.7899779677391052,1],[7,0.10043984651565552,0.09965676814317703,-0.9899395704269409,0,0.053480200469493866,-0.9940733909606934,-0.09464678168296814,0,-0.9935047626495361,-0.04343586042523384,-0.1051742434501648,0,-0.18937301635742188,0.9775756001472473,0.8642115592956543,1],[7,0.03855069726705551,0.13727182149887085,-0.9897829294204712,0,0.1268041878938675,-0.9831836223602295,-0.13141772150993347,0,-0.9911783337593079,-0.12044238299131393,-0.05530905723571777,0,-0.24731220304965973,0.9445520043373108,0.9054638147354126,1],[7,-0.016361307352781296,-0.9420003294944763,0.3352128565311432,0,0.05452122539281845,-0.33559948205947876,-0.9404256343841553,0,0.998378574848175,0.002889622701331973,0.05684985965490341,0,-0.0547981858253479,0.5051106810569763,1.6268421411514282,1],[7,-0.10687705129384995,-0.7512649297714233,0.651289701461792,0,0.021994125097990036,-0.6566677093505859,-0.753859281539917,0,0.9940289258956909,-0.06624570488929749,0.08670611679553986,0,-0.020331773906946182,0.9238379597663879,1.3864657878875732,1],[7,-0.021968714892864227,-0.7194579839706421,0.6941884160041809,0,0.09548326581716537,-0.6926918625831604,-0.7148852348327637,0,0.9951885938644409,0.050578273832798004,0.08391375094652176,0,-0.09002730250358582,0.6959133744239807,1.3483713865280151,1],[7,0.06550824642181396,-0.6448308825492859,0.7615128755569458,0,-0.03973713517189026,-0.7642325162887573,-0.643715500831604,0,0.9970604777336121,0.011908335611224174,-0.07568726688623428,0,0.13455814123153687,0.49277782440185547,1.3008506298065186,1],[7,0.36587780714035034,-0.34676650166511536,0.8636471629142761,0,0.3305400609970093,-0.8190706372261047,-0.46889927983283997,0,0.8699865937232971,0.4570298194885254,-0.1850595623254776,0,-0.1266438066959381,0.7319719791412354,1.1527683734893799,1],[7,0.36587780714035034,-0.28105077147483826,0.8872113227844238,0,0.3305400609970093,-0.8519154191017151,-0.4061814248561859,0,0.8699865937232971,0.44187164306640625,-0.2187984138727188,0,-0.13399207592010498,0.7769502997398376,1.097615361213684,1],[7,0.36587780714035034,-0.5101398825645447,0.7783898115158081,0,0.3305400609970093,-0.7106224298477173,-0.6210950613021851,0,0.8699865937232971,0.4845339059829712,-0.09137929975986481,0,-0.13519775867462158,0.4154527485370636,1.256432294845581,1],[7,0.0011030678870156407,-0.12656231224536896,0.9919580221176147,0,-0.11548702418804169,-0.9853375554084778,-0.12558919191360474,0,0.9933083653450012,-0.11441975086927414,-0.015703199431300163,0,0.20632502436637878,1.0039013624191284,0.9090809226036072,1],[7,0.09066123515367508,-0.058440327644348145,0.9941655993461609,0,-0.009836923331022263,-0.9982805848121643,-0.05778515711426735,0,0.9958332180976868,-0.004540657624602318,-0.09108021855354309,0,0.13481290638446808,1.0749800205230713,0.8276475667953491,1],[7,0.0011030678870156407,0.09060537815093994,0.9958862662315369,0,-0.11548702418804169,-0.9892118573188782,0.09012605249881744,0,0.9933083653450012,-0.11511135846376419,0.009372578002512455,0,0.20626984536647797,1.148772954940796,0.677009105682373,1],[7,0.15379711985588074,-0.35765764117240906,0.9211012125015259,0,0.06602116674184799,-0.9263892769813538,-0.3707345724105835,0,0.9858943223953247,0.11783008277416229,-0.11886302381753922,0,0.044181130826473236,0.7709603309631348,1.1203936338424683,1],[7,0.15379711985588074,0.09001386910676956,0.9839938879013062,0,0.06602116674184799,-0.9945526719093323,0.08066073805093765,0,0.9858943223953247,0.052559033036231995,-0.1589021533727646,0,0.04496956989169121,1.1620347499847412,0.6733149290084839,1],[7,0.12880712747573853,-0.5078317523002625,0.8517720699310303,0,0.03585527092218399,-0.855980634689331,-0.5157630443572998,0,0.9910212755203247,0.09697446972131729,-0.09204795956611633,0,0.0851668268442154,0.5781969428062439,1.226004958152771,1],[7,0.15379711985588074,-0.14627249538898468,0.9772158265113831,0,0.06602116674184799,-0.9852510094642639,-0.15786582231521606,0,0.9858943223953247,0.0887962356209755,-0.14187167584896088,0,0.04417269304394722,0.9405432343482971,0.9231209754943848,1],[7,0.12880712747573853,0.01722712814807892,0.9915200471878052,0,0.03585527092218399,-0.9992762207984924,0.012703975662589073,0,0.9910212755203247,0.03391485661268234,-0.129331573843956,0,0.08622719347476959,1.1083472967147827,0.7553471922874451,1],[7,0.12880712747573853,-0.046306680887937546,0.9905878901481628,0,0.03585527092218399,-0.9980385303497314,-0.05131727084517479,0,0.9910212755203247,0.0421278290450573,-0.12689413130283356,0,0.08556386828422546,1.024100422859192,0.8226207494735718,1],[7,0.09066123515367508,-0.11297959089279175,0.9894524216651917,0,-0.009836923331022263,-0.9935972094535828,-0.11255152523517609,0,0.9958332180976868,0.00047089182771742344,-0.09119211882352829,0,0.1348106861114502,0.99688720703125,0.8837598562240601,1],[7,0.09066123515367508,0.0032740337774157524,0.9958764314651489,0,-0.009836923331022263,-0.9999428391456604,0.004182923119515181,0,0.9958332180976868,-0.01017558854073286,-0.09062384814023972,0,0.13489724695682526,1.0646605491638184,0.7647269368171692,1],[7,0.0011030678870156407,-0.13294778764247894,0.9911224246025085,0,-0.11548702418804169,-0.9845083355903625,-0.13193204998970032,0,0.9933083653450012,-0.11431625485420227,-0.01643972471356392,0,0.2063632309436798,0.9463377594947815,0.9100378155708313,1]],8,8,8,8,8,8,8,8,8,8,8,8,8,8,8,8,8,8,8,8,8,8,8,8,8,8,8,8,8,8,8,8,8,8,8,8,8,8,8,8,8,8,8,8,8,8,8,8,8,8,8,8]]],0,0,[],[],[]],[[[16,".bin",3261639931,[{"primitives":[{"primitiveMode":7,"jointMapIndex":0,"vertexBundelIndices":[0],"indexView":{"offset":101592,"length":12852,"count":6426,"stride":2}}],"vertexBundles":[{"view":{"offset":0,"length":101592,"count":1411,"stride":72},"attributes":[{"name":"a_position","format":32,"isNormalized":false},{"name":"a_normal","format":32,"isNormalized":false},{"name":"a_texCoord","format":21,"isNormalized":false},{"name":"a_tangent","format":44,"isNormalized":false},{"name":"a_joints","format":42,"isNormalized":false},{"name":"a_weights","format":44,"isNormalized":false}]}],"jointMaps":[[0,1,2,3,4,5,6,7,8,9,10,11,12,13,14,15,16,17,18,19,20,21,22,23,24,25,26,27,28,29,30,31,32,33,34,35,36,37,38,39,40,41,42,43,44,45,46,47,48,49,50,51]]},"minPosition",8,[1,-0.7944760322570801,-0.003567497245967388,-0.18719612061977386],"maxPosition",8,[1,0.7944760322570801,2.0812227725982666,0.1735171377658844]]],-1],0,0,[],[],[]],[[[10,"car_8","0",[{"rasterizerState":{},"depthStencilState":{},"blendState":{"targets":[{}]}}],[{}],[[[{},"mainColor",8,[4,4278190335]]],11]]],0,0,[0],[3],[0]],[[[12,"bag3_2",[{"rasterizerState":{},"depthStencilState":{},"blendState":{"targets":[{}]}}],[{}],[[[{},"mainColor",8,[4,4294944821],"mainTexture",6,0]],11]]],0,0,[0,0],[4,3],[4,0]],[[[12,"bag4_0",[{"rasterizerState":{},"depthStencilState":{},"blendState":{"targets":[{}]}}],[{}],[[[{},"mainColor",8,[4,4278190245],"mainTexture",6,0]],11]]],0,0,[0,0],[4,3],[4,0]],[[[10,"car_9","0",[{"rasterizerState":{},"depthStencilState":{},"blendState":{"targets":[{}]}}],[{}],[[[{},"mainColor",8,[4,4278190080]]],11]]],0,0,[0],[3],[0]],[[[16,".bin",4126374222,[{"primitives":[{"primitiveMode":7,"vertexBundelIndices":[0],"indexView":{"offset":29856,"length":4008,"count":2004,"stride":2}},{"primitiveMode":7,"vertexBundelIndices":[1],"indexView":{"offset":38472,"length":516,"count":258,"stride":2}},{"primitiveMode":7,"vertexBundelIndices":[2],"indexView":{"offset":39756,"length":72,"count":36,"stride":2}},{"primitiveMode":7,"vertexBundelIndices":[3],"indexView":{"offset":40596,"length":72,"count":36,"stride":2}},{"primitiveMode":7,"vertexBundelIndices":[4],"indexView":{"offset":41244,"length":54,"count":27,"stride":2}},{"primitiveMode":7,"vertexBundelIndices":[5],"indexView":{"offset":62514,"length":2196,"count":1098,"stride":2}},{"primitiveMode":7,"vertexBundelIndices":[6],"indexView":{"offset":73158,"length":960,"count":480,"stride":2}},{"primitiveMode":7,"vertexBundelIndices":[7],"indexView":{"offset":82950,"length":1056,"count":528,"stride":2}}],"vertexBundles":[{"view":{"offset":0,"length":29856,"count":622,"stride":48},"attributes":[{"name":"a_position","format":32,"isNormalized":false},{"name":"a_normal","format":32,"isNormalized":false},{"name":"a_texCoord","format":21,"isNormalized":false},{"name":"a_tangent","format":44,"isNormalized":false}]},{"view":{"offset":33864,"length":4608,"count":96,"stride":48},"attributes":[{"name":"a_position","format":32,"isNormalized":false},{"name":"a_normal","format":32,"isNormalized":false},{"name":"a_texCoord","format":21,"isNormalized":false},{"name":"a_tangent","format":44,"isNormalized":false}]},{"view":{"offset":38988,"length":768,"count":16,"stride":48},"attributes":[{"name":"a_position","format":32,"isNormalized":false},{"name":"a_normal","format":32,"isNormalized":false},{"name":"a_texCoord","format":21,"isNormalized":false},{"name":"a_tangent","format":44,"isNormalized":false}]},{"view":{"offset":39828,"length":768,"count":16,"stride":48},"attributes":[{"name":"a_position","format":32,"isNormalized":false},{"name":"a_normal","format":32,"isNormalized":false},{"name":"a_texCoord","format":21,"isNormalized":false},{"name":"a_tangent","format":44,"isNormalized":false}]},{"view":{"offset":40668,"length":576,"count":12,"stride":48},"attributes":[{"name":"a_position","format":32,"isNormalized":false},{"name":"a_normal","format":32,"isNormalized":false},{"name":"a_texCoord","format":21,"isNormalized":false},{"name":"a_tangent","format":44,"isNormalized":false}]},{"view":{"offset":41298,"length":21216,"count":442,"stride":48},"attributes":[{"name":"a_position","format":32,"isNormalized":false},{"name":"a_normal","format":32,"isNormalized":false},{"name":"a_texCoord","format":21,"isNormalized":false},{"name":"a_tangent","format":44,"isNormalized":false}]},{"view":{"offset":64710,"length":8448,"count":176,"stride":48},"attributes":[{"name":"a_position","format":32,"isNormalized":false},{"name":"a_normal","format":32,"isNormalized":false},{"name":"a_texCoord","format":21,"isNormalized":false},{"name":"a_tangent","format":44,"isNormalized":false}]},{"view":{"offset":74118,"length":8832,"count":184,"stride":48},"attributes":[{"name":"a_position","format":32,"isNormalized":false},{"name":"a_normal","format":32,"isNormalized":false},{"name":"a_texCoord","format":21,"isNormalized":false},{"name":"a_tangent","format":44,"isNormalized":false}]}]},"minPosition",8,[1,-3.50232195854187,-0.5660669803619385,-0.9990245699882507],"maxPosition",8,[1,1.3295460939407349,0.9193570017814636,1.0027532577514648]]],-1],0,0,[],[],[]],[[[16,".bin",1193115770,[{"primitives":[{"primitiveMode":7,"vertexBundelIndices":[0],"indexView":{"offset":13632,"length":1968,"count":984,"stride":2}},{"primitiveMode":7,"vertexBundelIndices":[1],"indexView":{"offset":31920,"length":1584,"count":792,"stride":2}},{"primitiveMode":7,"vertexBundelIndices":[2],"indexView":{"offset":35808,"length":240,"count":120,"stride":2}}],"vertexBundles":[{"view":{"offset":0,"length":13632,"count":284,"stride":48},"attributes":[{"name":"a_position","format":32,"isNormalized":false},{"name":"a_normal","format":32,"isNormalized":false},{"name":"a_texCoord","format":21,"isNormalized":false},{"name":"a_tangent","format":44,"isNormalized":false}]},{"view":{"offset":15600,"length":16320,"count":340,"stride":48},"attributes":[{"name":"a_position","format":32,"isNormalized":false},{"name":"a_normal","format":32,"isNormalized":false},{"name":"a_texCoord","format":21,"isNormalized":false},{"name":"a_tangent","format":44,"isNormalized":false}]},{"view":{"offset":33504,"length":2304,"count":48,"stride":48},"attributes":[{"name":"a_position","format":32,"isNormalized":false},{"name":"a_normal","format":32,"isNormalized":false},{"name":"a_texCoord","format":21,"isNormalized":false},{"name":"a_tangent","format":44,"isNormalized":false}]}]},"minPosition",8,[1,-0.3255659341812134,-0.6037025451660156,-0.1912688910961151],"maxPosition",8,[1,0.3255659341812134,0.6037025451660156,0.1912688910961151]]],-1],0,0,[],[],[]],[[[16,".bin",950215575,[{"primitives":[{"primitiveMode":7,"vertexBundelIndices":[0],"indexView":{"offset":66144,"length":7584,"count":3792,"stride":2}},{"primitiveMode":7,"vertexBundelIndices":[1],"indexView":{"offset":87168,"length":1344,"count":672,"stride":2}},{"primitiveMode":7,"vertexBundelIndices":[2],"indexView":{"offset":109248,"length":2400,"count":1200,"stride":2}}],"vertexBundles":[{"view":{"offset":0,"length":66144,"count":1378,"stride":48},"attributes":[{"name":"a_position","format":32,"isNormalized":false},{"name":"a_normal","format":32,"isNormalized":false},{"name":"a_texCoord","format":21,"isNormalized":false},{"name":"a_tangent","format":44,"isNormalized":false}]},{"view":{"offset":73728,"length":13440,"count":280,"stride":48},"attributes":[{"name":"a_position","format":32,"isNormalized":false},{"name":"a_normal","format":32,"isNormalized":false},{"name":"a_texCoord","format":21,"isNormalized":false},{"name":"a_tangent","format":44,"isNormalized":false}]},{"view":{"offset":88512,"length":20736,"count":432,"stride":48},"attributes":[{"name":"a_position","format":32,"isNormalized":false},{"name":"a_normal","format":32,"isNormalized":false},{"name":"a_texCoord","format":21,"isNormalized":false},{"name":"a_tangent","format":44,"isNormalized":false}]}]},"minPosition",8,[1,-0.4383295178413391,-0.0001984646514756605,-0.835530698299408],"maxPosition",8,[1,0.4383295178413391,1.3719332218170166,0.8284881114959717]]],-1],0,0,[],[],[]],[[[16,".bin",1303392719,[{"primitives":[{"primitiveMode":7,"vertexBundelIndices":[0],"indexView":{"offset":6096,"length":672,"count":336,"stride":2}},{"primitiveMode":7,"vertexBundelIndices":[1],"indexView":{"offset":7344,"length":54,"count":27,"stride":2}}],"vertexBundles":[{"view":{"offset":0,"length":6096,"count":127,"stride":48},"attributes":[{"name":"a_position","format":32,"isNormalized":false},{"name":"a_normal","format":32,"isNormalized":false},{"name":"a_texCoord","format":21,"isNormalized":false},{"name":"a_tangent","format":44,"isNormalized":false}]},{"view":{"offset":6768,"length":576,"count":12,"stride":48},"attributes":[{"name":"a_position","format":32,"isNormalized":false},{"name":"a_normal","format":32,"isNormalized":false},{"name":"a_texCoord","format":21,"isNormalized":false},{"name":"a_tangent","format":44,"isNormalized":false}]}]},"minPosition",8,[1,-0.008883255533874035,-0.411092072725296,-0.6895594000816345],"maxPosition",8,[1,0.5860745310783386,0.04509296268224716,0.5326781868934631]]],-1],0,0,[],[],[]],[[[16,".bin",3314175995,[{"primitives":[{"primitiveMode":7,"vertexBundelIndices":[0],"indexView":{"offset":6432,"length":504,"count":252,"stride":2}},{"primitiveMode":7,"vertexBundelIndices":[1],"indexView":{"offset":20184,"length":1008,"count":504,"stride":2}},{"primitiveMode":7,"vertexBundelIndices":[2],"indexView":{"offset":30312,"length":792,"count":396,"stride":2}},{"primitiveMode":7,"vertexBundelIndices":[3],"indexView":{"offset":33024,"length":144,"count":72,"stride":2}}],"vertexBundles":[{"view":{"offset":0,"length":6432,"count":134,"stride":48},"attributes":[{"name":"a_position","format":32,"isNormalized":false},{"name":"a_normal","format":32,"isNormalized":false},{"name":"a_texCoord","format":21,"isNormalized":false},{"name":"a_tangent","format":44,"isNormalized":false}]},{"view":{"offset":6936,"length":13248,"count":276,"stride":48},"attributes":[{"name":"a_position","format":32,"isNormalized":false},{"name":"a_normal","format":32,"isNormalized":false},{"name":"a_texCoord","format":21,"isNormalized":false},{"name":"a_tangent","format":44,"isNormalized":false}]},{"view":{"offset":21192,"length":9120,"count":190,"stride":48},"attributes":[{"name":"a_position","format":32,"isNormalized":false},{"name":"a_normal","format":32,"isNormalized":false},{"name":"a_texCoord","format":21,"isNormalized":false},{"name":"a_tangent","format":44,"isNormalized":false}]},{"view":{"offset":31104,"length":1920,"count":40,"stride":48},"attributes":[{"name":"a_position","format":32,"isNormalized":false},{"name":"a_normal","format":32,"isNormalized":false},{"name":"a_texCoord","format":21,"isNormalized":false},{"name":"a_tangent","format":44,"isNormalized":false}]}]},"minPosition",8,[1,-0.49799999594688416,-0.30291786789894104,-0.11724691838026047],"maxPosition",8,[1,0.49799999594688416,0.30291786789894104,0.11724691838026047]]],-1],0,0,[],[],[]],[[[10,"car_7","0",[{"rasterizerState":{},"depthStencilState":{},"blendState":{"targets":[{}]}}],[{}],[[[{},"mainColor",8,[4,4278190080]]],11]]],0,0,[0],[3],[0]],[[[12,"push_car_man",[{"ra